Number of sequences:	721
Number of bps:      	3588941

#	Seq	Length	%G+C	Ns
1	GOV_bin_3217_contig-100_2	396461	65.3	0
2	GOV_bin_246_contig-100_9	164539	56.1	0
3	GOV_bin_825_contig-100_0	121400	38.6	0
4	Mp1_MSP103_JGI24653J20064_1000039	84052	55.7	0
5	GOV_bin_895_contig-100_0	75450	41.3	0
6	GOV_bin_1507_contig-100_0	57495	41.9	0
7	GOV_bin_8622_contig-100_3	42257	44.7	0
8	GOV_bin_1419_contig-100_0	32582	35.2	0
9	GOV_bin_245_contig-100_1	31593	40.9	0
10	GOV_bin_3383_contig-100_1	29730	39.3	0
11	GOV_bin_796_contig-100_1	27530	36.5	0
12	GOV_bin_2566_contig-100_0	27040	39.8	0
13	GOV_bin_2398_contig-100_37	24898	65.7	0
14	GOV_bin_131_contig-100_1	24211	39.5	0
15	GOV_bin_730_contig-100_1	23894	37.3	0
16	GOV_bin_2623_contig-100_2	23838	44.6	0
17	GOV_bin_5554_contig-100_2	23701	40.2	0
18	GOV_bin_1953_contig-100_4	23506	41.7	0
19	GOV_bin_1132_contig-100_1	22803	39.6	0
20	GOV_bin_941_contig-100_2	21742	40.1	0
21	Tp1_100_DCM_0-0d2_scaffold117135_1	21236	40.4	0
22	Mp1_MSP146_JGI24662J20072_1000164	20930	65.9	0
23	GOV_bin_4118_contig-100_3	20897	43.5	0
24	GOV_bin_725_contig-100_32	19976	65.3	0
25	GOV_bin_7544_contig-100_0	19368	40.2	0
26	GOV_bin_2936_contig-100_0	19069	36.3	0
27	GOV_bin_907_contig-100_4	18560	64.6	0
28	GOV_bin_7046_contig-100_1	17697	40.4	0
29	GOV_bin_2948_contig-100_3	17213	38.5	0
30	GOV_bin_3646_contig-100_5	16753	39.1	0
31	Tp1_78_SUR_0-0d2_scaffold19416_2	16284	36.7	0
32	Tp1_122_DCM_0-0d2_scaffold16777_1	15904	37.7	0
33	GOV_bin_425_contig-100_0	15882	41.1	0
34	Tp1_102_DCM_0-0d2_scaffold97904_4	15090	46.3	0
35	GOV_bin_1581_contig-100_3	15049	41.3	0
36	Tp1_125_SUR_0-0d2_C3583249_1	14716	39.4	0
37	GOV_bin_248_contig-100_5	14672	44.1	0
38	Tp1_125_SUR_0-0d2_scaffold18975_1	14631	39.3	0
39	Mp1_MSP146_JGI24662J20072_1000265	14076	62.2	0
40	GOV_bin_8011_contig-100_3	13807	38.8	0
41	GOV_bin_2743_contig-100_1	13644	42.2	0
42	GOV_bin_2516_contig-100_1	13188	42.7	0
43	GOV_bin_825_contig-100_2	13145	39.9	0
44	Tp1_111_SUR_0-0d2_scaffold15214_1	13086	35.4	0
45	GOV_bin_4489_contig-100_4	12950	43.0	0
46	GOV_bin_5184_contig-100_1	12356	38.0	0
47	Mp1_MSP97_JGI24652J20063_1000337	11930	61.7	0
48	GOV_bin_131_contig-100_3	11719	41.3	0
49	Tp1_111_DCM_0-0d2_scaffold64516_3	11666	45.1	0
50	GOV_bin_4904_contig-100_1	11587	41.2	0
51	GOV_bin_1473_contig-100_21	11155	44.8	0
52	GOV_bin_984_contig-100_2	10826	41.4	0
53	Tp1_34_SUR_0-0d2_scaffold28137_1	10809	46.4	0
54	GOV_bin_2477_contig-100_7	10788	39.7	0
55	GOV_bin_1743_contig-100_11	10692	36.7	0
56	Tp1_102_DCM_0-0d2_scaffold55643_1	10299	38.5	0
57	Tp1_23_DCM_0-0d2_scaffold23772_2	10123	39.0	0
58	GOV_bin_3890_contig-100_4	9804	42.1	0
59	GOV_bin_3338_contig-100_9	9715	36.1	0
60	Tp1_100_DCM_0-0d2_scaffold38486_1	9657	43.5	0
61	GOV_bin_725_contig-100_105	9431	65.7	0
62	GOV_bin_7335_contig-100_4	9377	38.0	0
63	GOV_bin_1372_contig-100_11	9369	37.3	0
64	GOV_bin_5502_contig-100_9	9259	49.5	0
65	GOV_bin_7130_contig-100_10	9196	42.2	0
66	GOV_bin_7224_contig-100_4	9182	36.6	0
67	GOV_bin_8111_contig-100_44	9119	71.6	0
68	GOV_bin_4294_contig-100_31	8852	44.4	0
69	Tp1_34_SUR_0-0d2_scaffold28137_2	8750	45.7	0
70	GOV_bin_777_contig-100_2	8281	39.5	0
71	GOV_bin_4489_contig-100_5	8119	44.9	0
72	GOV_bin_3236_contig-100_5	8118	41.0	0
73	GOV_bin_4336_contig-100_37	7977	39.6	0
74	GOV_bin_5066_contig-100_13	7847	35.6	0
75	GOV_bin_528_contig-100_6	7794	40.2	0
76	GOV_bin_5142_contig-100_10	7463	40.9	0
77	GOV_bin_3325_contig-100_53	7054	40.3	0
78	Tp1_62_SUR_0-0d2_scaffold146477_1	6759	45.1	0
79	GOV_bin_3133_contig-100_4	6751	41.1	0
80	Tp1_111_DCM_0-0d2_scaffold53429_2	6699	46.9	0
81	Tp1_31_SUR_0-0d2_scaffold108038_1	6453	46.3	0
82	GOV_bin_2105_contig-100_20	6420	37.5	0
83	GOV_bin_2073_contig-100_4	6399	48.3	0
84	GOV_bin_4904_contig-100_7	6360	44.6	0
85	GOV_bin_4668_contig-100_3	6320	42.9	0
86	GOV_bin_312_contig-100_7	6209	36.8	0
87	GOV_bin_3174_contig-100_7	6186	41.3	0
88	Tp1_78_DCM_0-0d2_scaffold22058_2	6170	37.1	0
89	GOV_bin_4091_contig-100_28	6052	36.0	0
90	Tp1_123_DCM_0-0d2_scaffold89210_1	5982	39.0	0
91	GOV_bin_1050_contig-100_3	5914	46.3	0
92	GOV_bin_2903_contig-100_37	5809	39.5	0
93	GOV_bin_2137_contig-100_7	5752	35.9	0
94	GOV_bin_3227_contig-100_9	5615	42.4	0
95	GOV_bin_2394_contig-100_10	5608	37.0	0
96	Tp2_18_DCM_contig-100_60	5579	38.1	0
97	GOV_bin_2435_contig-100_13	5571	46.1	0
98	GOV_bin_5142_contig-100_21	5453	40.1	0
99	GOV_bin_6558_contig-100_10	5445	44.2	0
100	GOV_bin_4537_contig-100_42	5370	59.5	0
101	GOV_bin_2105_contig-100_33	5324	39.7	0
102	GOV_bin_5715_contig-100_59	5182	41.8	0
103	GOV_bin_3738_contig-100_8	5142	43.7	0
104	GOV_bin_4263_contig-100_12	5138	42.2	0
105	GOV_bin_3133_contig-100_8	5126	40.2	0
106	GOV_bin_1424_contig-100_10	5044	44.5	0
107	GOV_bin_2435_contig-100_14	5039	44.2	0
108	GOV_bin_2077_contig-100_20	5011	36.6	0
109	GOV_bin_5207_contig-100_16	5010	51.5	0
110	GOV_bin_5767_contig-100_15	4999	36.6	0
111	GOV_bin_4806_contig-100_8	4984	35.9	0
112	GOV_bin_3429_contig-100_9	4928	42.3	0
113	GOV_bin_4920_contig-100_40	4840	42.3	0
114	GOV_bin_6409_contig-100_72	4811	39.2	0
115	GOV_bin_1081_contig-100_18	4738	44.9	0
116	GOV_bin_2802_contig-100_10	4688	42.2	0
117	GOV_bin_673_contig-100_243	4678	61.5	0
118	GOV_bin_5412_contig-100_27	4608	36.4	0
119	GOV_bin_1420_contig-100_8	4591	39.0	0
120	Tp1_56_SUR_0-0d2_scaffold84590_1	4546	38.9	0
121	GOV_bin_1977_contig-100_265	4477	61.3	0
122	GOV_bin_3459_contig-100_126	4458	43.4	0
123	Tp2_68_SUR_contig-100_1037	4447	44.9	0
124	GOV_bin_4004_contig-100_16	4446	39.3	0
125	GOV_bin_1975_contig-100_22	4438	39.1	0
126	GOV_bin_5346_contig-100_13	4426	35.9	0
127	GOV_bin_829_contig-100_7	4408	44.3	0
128	GOV_bin_2890_contig-100_31	4383	42.5	0
129	GOV_bin_3999_contig-100_15	4362	40.8	0
130	GOV_bin_3103_contig-100_36	4342	39.3	0
131	GOV_bin_3429_contig-100_11	4337	41.7	0
132	Tp2_36_DCM_contig-100_44	4309	42.2	0
133	GOV_bin_7221_contig-100_7	4251	60.0	0
134	GOV_bin_3501_contig-100_71	4226	46.4	0
135	GOV_bin_3459_contig-100_139	4221	44.9	0
136	Tp1_111_SUR_0-0d2_scaffold43589_1	4216	35.8	0
137	GOV_bin_5431_contig-100_47	4211	36.9	0
138	Tp2_42_DCM_contig-100_132	4183	38.6	0
139	GOV_bin_3310_contig-100_21	4121	41.0	0
140	GOV_bin_4356_contig-100_24	4094	36.9	0
141	Tp1_78_SUR_0-0d2_scaffold78505_1	4085	41.7	0
142	Tp2_34_DCM_contig-100_584	4075	40.3	0
143	GOV_bin_1424_contig-100_11	4053	46.4	0
144	GOV_bin_2079_contig-100_10	4046	39.2	0
145	GOV_bin_6747_contig-100_31	4014	38.7	0
146	GOV_bin_6899_contig-100_46	4006	39.4	0
147	Tp2_32_SUR_contig-100_66	3987	36.2	0
148	Tp1_25_DCM_0-0d2_scaffold86513_1	3953	38.5	0
149	GOV_bin_3873_contig-100_39	3953	42.8	0
150	GOV_bin_5965_contig-100_10	3936	45.8	0
151	GOV_bin_7130_contig-100_77	3932	39.3	0
152	GOV_bin_8269_contig-100_13	3851	48.3	0
153	Tp1_22_SUR_0-0d2_scaffold44175_2	3831	39.9	0
154	GOV_bin_1132_contig-100_11	3795	41.6	0
155	GOV_bin_6931_contig-100_45	3779	50.5	0
156	GOV_bin_3825_contig-100_29	3746	40.5	0
157	GOV_bin_2623_contig-100_70	3733	45.0	0
158	Tp1_72_DCM_0-0d2_scaffold80094_1	3710	41.0	0
159	GOV_bin_1450_contig-100_13	3693	40.0	0
160	Tp1_111_DCM_0-0d2_scaffold58544_1	3642	40.2	0
161	GOV_bin_4840_contig-100_41	3638	41.9	0
162	Tp2_38_SUR_contig-100_135	3606	43.4	0
163	Tp2_23_DCM_contig-100_472	3579	43.8	0
164	Tp2_78_DCM_contig-100_887	3560	43.6	0
165	GOV_bin_8143_contig-100_20	3548	51.0	0
166	Tp1_102_SUR_0-0d2_scaffold34255_1	3478	42.1	0
167	Tp1_76_DCM_0-0d2_scaffold88757_1	3468	40.8	0
168	GOV_bin_6224_contig-100_123	3464	36.2	0
169	Tp1_78_DCM_0-0d2_scaffold64835_1	3455	45.8	0
170	GOV_bin_6747_contig-100_45	3438	38.9	0
171	Tp2_72_SUR_contig-100_163	3418	37.1	0
172	GOV_bin_7142_contig-100_8	3417	45.5	0
173	Tp2_31_SUR_contig-100_933	3416	39.4	0
174	Tp1_122_DCM_0-0d2_scaffold21999_1	3391	40.2	0
175	Tp1_65_DCM_0-0d2_scaffold54960_2	3374	48.0	0
176	GOV_bin_2890_contig-100_59	3371	38.4	0
177	Tp2_18_DCM_contig-100_425	3364	42.4	0
178	GOV_bin_5184_contig-100_19	3362	40.5	0
179	Tp2_30_DCM_contig-100_567	3359	39.4	0
180	Tp2_46_SUR_contig-100_513	3347	44.1	0
181	GOV_bin_1483_contig-100_64	3329	63.9	0
182	Tp1_18_DCM_0-0d2_scaffold75429_1	3319	42.3	0
183	Tp1_78_SUR_0-0d2_scaffold62238_2	3318	47.2	0
184	Tp2_122_DCM_contig-100_406	3305	41.0	0
185	Mp2_MSP131_contig-100_178	3301	38.1	0
186	Tp1_78_DCM_0-0d2_scaffold64557_1	3300	44.8	0
187	Tp1_36_DCM_0-0d2_scaffold62384_1	3276	44.6	0
188	Tp2_34_DCM_contig-100_1331	3251	35.7	0
189	GOV_bin_6284_contig-100_145	3245	39.8	0
190	GOV_bin_6409_contig-100_153	3206	42.0	0
191	GOV_bin_1743_contig-100_124	3206	42.7	0
192	Tp3_MedSea_SURDCM_contig-100_1173	3202	46.6	0
193	GOV_bin_3833_contig-100_12	3172	46.6	0
194	GOV_bin_2414_contig-100_63	3169	44.2	0
195	GOV_bin_2252_contig-100_12	3144	41.5	0
196	Tp2_38_SUR_contig-100_274	3130	43.9	0
197	GOV_bin_3174_contig-100_16	3123	41.7	0
198	GOV_bin_5965_contig-100_15	3110	44.4	0
199	GOV_bin_1674_contig-100_45	3102	34.2	0
200	GOV_bin_5502_contig-100_77	3083	48.3	0
201	GOV_bin_8188_contig-100_23	3068	34.9	0
202	GOV_bin_3091_contig-100_34	3052	45.8	0
203	GOV_bin_3646_contig-100_60	3040	39.7	0
204	Tp3_SouthPacific_SURDCM_contig-100_1944	3034	52.3	0
205	GOV_bin_3588_contig-100_151	3030	41.9	0
206	GOV_bin_3423_contig-100_18	3029	40.6	0
207	GOV_bin_5420_contig-100_32	3025	35.9	0
208	GOV_bin_5213_contig-100_158	3024	45.7	0
209	GOV_bin_4282_contig-100_21	3022	42.2	0
210	Tp1_137_SUR_0-0d2_C3272113_1	3019	39.4	0
211	GOV_bin_4177_contig-100_68	3013	40.8	0
212	GOV_bin_3573_contig-100_44	2991	38.3	0
213	GOV_bin_2936_contig-100_59	2991	36.2	0
214	Tp1_36_SUR_0-0d2_scaffold16584_3	2989	46.8	0
215	GOV_bin_6680_contig-100_4	2952	61.2	0
216	Tp2_62_SUR_contig-100_230	2952	38.8	0
217	Tp1_137_SUR_0-0d2_scaffold679_1	2948	38.5	0
218	GOV_bin_3588_contig-100_163	2938	38.6	0
219	Tp1_78_DCM_0-0d2_C5014632_1	2929	40.2	0
220	GOV_bin_2425_contig-100_46	2908	38.7	0
221	Tp1_124_SUR_0-0d2_scaffold44466_1	2908	43.5	0
222	GOV_bin_398_contig-100_102	2900	42.1	0
223	GOV_bin_1586_contig-100_35	2897	34.8	0
224	Tp1_64_SUR_0-0d2_scaffold156771_1	2897	43.7	0
225	GOV_bin_3992_contig-100_156	2895	40.7	0
226	Tp1_124_SUR_0-0d2_scaffold2476_1	2890	41.1	0
227	GOV_bin_3459_contig-100_314	2888	47.7	0
228	Tp1_11_SUR_0-0d2_C906312_1	2850	40.2	0
229	Tp1_102_DCM_0-0d2_scaffold35762_5	2838	42.5	0
230	Tp2_45_SUR_contig-100_416	2836	40.2	0
231	GOV_bin_8355_contig-100_188	2832	42.4	0
232	GOV_bin_3133_contig-100_21	2830	38.1	0
233	Tp1_58_DCM_0-0d2_scaffold115120_1	2829	38.9	0
234	GOV_bin_6258_contig-100_30	2820	36.5	0
235	GOV_bin_7808_contig-100_67	2815	38.5	0
236	Tp1_78_DCM_0-0d2_scaffold53149_1	2814	47.7	0
237	GOV_bin_5099_contig-100_35	2803	39.4	0
238	GOV_bin_2118_contig-100_89	2798	41.8	0
239	GOV_bin_4118_contig-100_38	2797	43.6	0
240	GOV_bin_2414_contig-100_91	2793	43.3	0
241	Tp1_52_DCM_0-0d2_scaffold2780_1	2792	40.4	0
242	GOV_bin_7866_contig-100_254	2786	39.8	0
243	Tp1_123_DCM_0-0d2_scaffold50333_1	2781	40.0	0
244	GOV_bin_2702_contig-100_65	2769	41.1	0
245	Mp3__contig-100_8734	2758	63.7	0
246	GOV_bin_3042_contig-100_22	2750	40.8	0
247	Tp2_23_DCM_contig-100_1226	2749	41.6	0
248	Tp2_42_DCM_contig-100_953	2742	41.6	0
249	GOV_bin_5973_contig-100_34	2741	34.1	0
250	Tp1_78_DCM_0-0d2_scaffold61495_1	2734	44.8	0
251	Tp3_RedSeaArabianUp_SURDCM_contig-100_3758	2733	46.9	0
252	GOV_bin_3873_contig-100_101	2729	45.0	0
253	GOV_bin_6240_contig-100_33	2727	43.6	0
254	GOV_bin_2570_contig-100_67	2726	41.2	0
255	GOV_bin_3566_contig-100_90	2722	39.3	0
256	GOV_bin_7122_contig-100_71	2710	46.8	0
257	Tp1_124_SUR_0-0d2_scaffold59598_1	2710	40.1	0
258	GOV_bin_1374_contig-100_25	2706	37.0	0
259	Tp2_34_DCM_contig-100_2500	2704	38.1	0
260	Tp1_124_SUR_0-0d2_scaffold120956_2	2697	46.6	0
261	Tp1_72_DCM_0-0d2_scaffold31894_1	2695	39.9	0
262	GOV_bin_51451_contig-100_29	2690	41.9	0
263	GOV_bin_5090_contig-100_29	2680	39.0	0
264	GOV_bin_668_contig-100_92	2674	34.8	0
265	GOV_bin_5620_contig-100_31	2672	47.2	0
266	GOV_bin_4799_contig-100_90	2659	44.1	0
267	GOV_bin_5434_contig-100_118	2659	40.7	0
268	GOV_bin_3142_contig-100_15	2657	42.7	0
269	GOV_bin_1473_contig-100_179	2644	42.7	0
270	GOV_bin_5750_contig-100_44	2640	40.8	0
271	GOV_bin_559_contig-100_17	2628	34.3	0
272	GOV_bin_4409_contig-100_48	2626	42.6	0
273	Tp2_33_SUR_contig-100_493	2611	43.7	0
274	GOV_bin_5130_contig-100_80	2606	43.2	0
275	GOV_bin_5292_contig-100_33	2596	37.6	0
276	Tp2_18_SUR_contig-100_1462	2592	38.5	0
277	GOV_bin_5306_contig-100_66	2581	38.9	0
278	GOV_bin_5306_contig-100_68	2568	43.5	0
279	Tp2_18_SUR_contig-100_1504	2566	41.2	0
280	Tp2_58_DCM_contig-100_747	2565	39.4	0
281	GOV_bin_773_contig-100_38	2561	43.6	0
282	Tp1_36_DCM_0-0d2_scaffold97556_1	2558	38.5	0
283	GOV_bin_1739_contig-100_22	2538	48.0	0
284	Mp2_MSP131_contig-100_694	2533	34.1	0
285	Tp1_70_SUR_0-0d2_C4626300_1	2519	47.0	0
286	GOV_bin_248_contig-100_20	2503	47.5	0
287	GOV_bin_2850_contig-100_15	2496	41.5	0
288	GOV_bin_3716_contig-100_127	2477	38.4	0
289	GOV_bin_4053_contig-100_68	2472	47.3	0
290	Tp2_46_SUR_contig-100_1093	2472	41.1	0
291	GOV_bin_1374_contig-100_35	2471	37.9	0
292	GOV_bin_2414_contig-100_141	2471	45.9	0
293	Tp1_100_SUR_0-0d2_scaffold20295_2	2465	42.0	0
294	GOV_bin_2570_contig-100_100	2454	39.6	0
295	GOV_bin_3588_contig-100_252	2451	42.3	0
296	GOV_bin_5020_contig-100_58	2441	40.7	0
297	Tp1_125_DCM_0-0d2_C2112827_1	2424	37.5	0
298	Tp2_36_DCM_contig-100_588	2421	41.5	0
299	GOV_bin_2414_contig-100_152	2417	44.4	0
300	Tp2_138_DCM_contig-100_1371	2416	42.7	0
301	GOV_bin_97_contig-100_157	2415	41.6	0
302	GOV_bin_5658_contig-100_31	2413	36.9	0
303	Tp1_36_DCM_0-0d2_scaffold86262_1	2407	49.8	0
304	Tp1_125_DCM_0-0d2_scaffold23950_1	2396	36.6	0
305	Tp2_70_SUR_contig-100_915	2395	50.0	0
306	GOV_bin_5370_contig-100_96	2389	38.6	0
307	GOV_bin_8355_contig-100_252	2387	35.0	0
308	Tp2_32_SUR_contig-100_706	2380	39.1	0
309	GOV_bin_3597_contig-100_81	2377	50.5	0
310	GOV_bin_5464_contig-100_95	2377	43.0	0
311	Tp1_124_SUR_0-0d2_scaffold74501_1	2375	40.5	0
312	Tp1_34_DCM_0-0d2_scaffold23018_2	2373	36.0	0
313	GOV_bin_882_contig-100_53	2367	38.9	0
314	GOV_bin_2940_contig-100_48	2353	42.4	0
315	GOV_bin_4489_contig-100_77	2349	45.9	0
316	GOV_bin_4261_contig-100_16	2347	35.7	0
317	GOV_bin_5799_contig-100_118	2347	48.5	0
318	Tp2_52_DCM_contig-100_822	2346	41.7	0
319	GOV_bin_8210_contig-100_311	2346	42.3	0
320	GOV_bin_6239_contig-100_192	2343	41.1	0
321	Tp1_66_SUR_0-0d2_scaffold144996_1	2338	44.9	0
322	GOV_bin_3970_contig-100_40	2335	42.7	0
323	GOV_bin_5342_contig-100_89	2321	41.2	0
324	GOV_bin_2414_contig-100_176	2313	44.4	0
325	GOV_bin_7130_contig-100_283	2307	40.1	0
326	GOV_bin_1254_contig-100_52	2305	46.6	0
327	GOV_bin_6599_contig-100_46	2300	43.0	0
328	Tp1_122_SUR_0-0d2_C4622663_1	2298	42.9	0
329	Tp1_102_DCM_0-0d2_scaffold7463_2	2289	39.9	0
330	GOV_bin_2247_contig-100_14	2286	36.4	0
331	Tp2_34_SUR_contig-100_1186	2283	46.4	0
332	Tp1_31_SUR_0-0d2_scaffold85764_1	2275	42.4	0
333	GOV_bin_8128_contig-100_13	2274	41.6	0
334	GOV_bin_821_contig-100_141	2273	40.0	0
335	GOV_bin_1823_contig-100_172	2273	44.4	0
336	GOV_bin_2151_contig-100_139	2272	39.1	0
337	GOV_bin_4920_contig-100_153	2271	40.3	0
338	GOV_bin_767_contig-100_174	2269	46.0	0
339	GOV_bin_3469_contig-100_57	2264	38.9	0
340	GOV_bin_3325_contig-100_579	2264	40.4	0
341	GOV_bin_3659_contig-100_83	2261	48.1	0
342	GOV_bin_5748_contig-100_26	2261	35.8	0
343	GOV_bin_4027_contig-100_159	2260	43.8	0
344	GOV_bin_1019_contig-100_103	2245	42.9	0
345	GOV_bin_4520_contig-100_86	2244	41.2	0
346	Tp1_102_SUR_0-0d2_scaffold26000_2	2239	41.7	0
347	GOV_bin_8519_contig-100_119	2236	43.3	0
348	GOV_bin_3740_contig-100_71	2233	46.0	0
349	GOV_bin_5856_contig-100_35	2224	41.0	0
350	Tp2_102_DCM_contig-100_1643	2222	42.7	0
351	GOV_bin_3785_contig-100_35	2217	38.9	0
352	GOV_bin_6747_contig-100_114	2215	37.3	0
353	GOV_bin_5571_contig-100_167	2212	40.3	0
354	GOV_bin_30_contig-100_32	2210	48.6	0
355	GOV_bin_5724_contig-100_69	2203	39.5	0
356	GOV_bin_4137_contig-100_111	2203	47.8	0
357	Tp2_42_DCM_contig-100_2208	2201	38.6	0
358	Tp1_123_DCM_0-0d2_scaffold51513_1	2192	31.9	0
359	GOV_bin_4356_contig-100_135	2191	42.1	0
360	GOV_bin_91_contig-100_14	2190	45.3	0
361	GOV_bin_387_contig-100_35	2189	43.0	0
362	Tp2_122_DCM_contig-100_1361	2188	42.6	0
363	GOV_bin_4774_contig-100_92	2184	42.4	0
364	Tp2_62_SUR_contig-100_748	2181	39.2	0
365	GOV_bin_2993_contig-100_125	2179	40.0	0
366	GOV_bin_6336_contig-100_29	2175	39.2	0
367	GOV_bin_2362_contig-100_238	2174	41.4	0
368	GOV_bin_2890_contig-100_150	2174	41.4	0
369	GOV_bin_3833_contig-100_26	2167	47.9	0
370	Tp2_36_SUR_contig-100_728	2165	47.3	0
371	Tp1_36_DCM_0-0d2_scaffold52026_2	2164	46.2	0
372	GOV_bin_8622_contig-100_492	2160	41.9	0
373	GOV_bin_1846_contig-100_89	2159	41.6	0
374	Tp2_72_DCM_contig-100_2289	2156	40.0	0
375	GOV_bin_91_contig-100_15	2154	45.5	0
376	Tp2_65_SUR_contig-100_1151	2153	39.8	0
377	GOV_bin_8569_contig-100_40	2150	42.7	0
378	Tp2_38_SUR_contig-100_1082	2145	43.2	0
379	GOV_bin_2820_contig-100_57	2142	40.0	0
380	GOV_bin_4614_contig-100_99	2135	41.1	0
381	GOV_bin_2164_contig-100_24	2132	42.4	0
382	GOV_bin_3909_contig-100_67	2127	37.0	0
383	GOV_bin_7107_contig-100_49	2124	40.1	0
384	Tp1_109_DCM_0-0d2_scaffold54537_1	2121	46.3	0
385	Tp2_137_DCM_contig-100_2004	2120	42.4	0
386	GOV_bin_409_contig-100_104	2119	42.0	0
387	Tp2_18_SUR_contig-100_2616	2119	37.8	0
388	Tp2_102_DCM_contig-100_1943	2115	41.3	0
389	Tp1_111_DCM_0-0d2_scaffold15926_1	2111	40.9	0
390	GOV_bin_1670_contig-100_45	2101	39.2	0
391	GOV_bin_4800_contig-100_89	2099	41.7	0
392	GOV_bin_6258_contig-100_46	2093	36.6	0
393	GOV_bin_2947_contig-100_265	2083	62.3	0
394	GOV_bin_3740_contig-100_87	2083	47.0	0
395	GOV_bin_2585_contig-100_81	2082	47.0	0
396	GOV_bin_4534_contig-100_98	2081	40.6	0
397	Tp2_78_DCM_contig-100_3365	2078	35.7	0
398	GOV_bin_2118_contig-100_158	2078	44.0	0
399	Tp2_137_DCM_contig-100_2148	2076	38.0	0
400	GOV_bin_6248_contig-100_25	2074	40.5	0
401	GOV_bin_4300_contig-100_95	2070	41.5	0
402	Tp2_31_SUR_contig-100_4034	2070	45.8	0
403	GOV_bin_3760_contig-100_91	2065	42.2	0
404	Tp3_SouthPacific_SURDCM_contig-100_7510	2064	46.5	0
405	GOV_bin_2299_contig-100_125	2061	44.4	0
406	GOV_bin_1605_contig-100_67	2056	43.5	0
407	GOV_bin_528_contig-100_46	2053	42.8	0
408	Tp2_32_SUR_contig-100_1222	2052	36.5	0
409	GOV_bin_4497_contig-100_98	2051	47.1	0
410	GOV_bin_6284_contig-100_342	2049	37.1	0
411	Tp2_25_DCM_contig-100_2100	2049	43.5	0
412	Tp1_78_DCM_0-0d2_C5008142_1	2047	43.1	0
413	GOV_bin_6284_contig-100_344	2044	36.3	0
414	Tp2_46_SUR_contig-100_1748	2043	41.3	0
415	GOV_bin_2435_contig-100_73	2042	43.3	0
416	GOV_bin_2419_contig-100_27	2040	44.0	0
417	GOV_bin_4800_contig-100_93	2039	38.8	0
418	Tp2_39_SUR_contig-100_1777	2037	47.3	0
419	Tp3_SouthPacific_SURDCM_contig-100_7886	2035	42.8	0
420	Tp2_25_DCM_contig-100_2172	2032	40.5	0
421	GOV_bin_8622_contig-100_544	2031	43.1	0
422	GOV_bin_825_contig-100_85	2028	40.1	0
423	GOV_bin_1777_contig-100_25	2024	41.4	0
424	GOV_bin_5644_contig-100_160	2019	40.5	0
425	GOV_bin_2077_contig-100_155	2015	40.1	0
426	Tp2_34_SUR_contig-100_1851	2011	44.9	0
427	GOV_bin_5213_contig-100_376	2011	44.9	0
428	Tp2_138_DCM_contig-100_2485	2010	38.5	0
429	Tp2_78_SUR_contig-100_307	2006	39.1	0
430	GOV_bin_5949_contig-100_258	2005	39.1	0
431	GOV_bin_6063_contig-100_64	2002	42.5	0
432	GOV_bin_3892_contig-100_68	2002	60.9	0
433	GOV_bin_131_contig-100_18	2000	42.1	0
434	GOV_bin_3528_contig-100_200	1995	43.9	0
435	GOV_bin_7592_contig-100_103	1992	41.2	0
436	Tp2_52_DCM_contig-100_1426	1989	39.2	0
437	Tp2_22_SUR_contig-100_4229	1988	38.5	0
438	GOV_bin_2890_contig-100_193	1982	40.4	0
439	GOV_bin_2420_contig-100_98	1981	47.7	0
440	Tp2_124_DCM_contig-100_812	1980	40.8	0
441	GOV_bin_2890_contig-100_195	1978	45.4	0
442	GOV_bin_6251_contig-100_57	1976	39.2	0
443	Tp2_45_SUR_contig-100_1532	1975	38.9	0
444	Tp2_68_SUR_contig-100_3682	1972	42.6	0
445	Tp1_102_DCM_0-0d2_scaffold134233_1	1969	41.6	0
446	Tp1_64_DCM_0-0d2_C5228248_1	1968	45.2	0
447	GOV_bin_3187_contig-100_139	1968	39.0	0
448	GOV_bin_7017_contig-100_151	1967	43.2	0
449	GOV_bin_4356_contig-100_186	1967	40.5	0
450	GOV_bin_6193_contig-100_65	1966	39.7	0
451	GOV_bin_4888_contig-100_238	1965	42.6	0
452	GOV_bin_2940_contig-100_79	1959	40.4	0
453	GOV_bin_8143_contig-100_134	1957	49.3	0
454	GOV_bin_2414_contig-100_298	1956	43.5	0
455	GOV_bin_6218_contig-100_208	1955	39.7	0
456	Tp2_39_DCM_contig-100_810	1949	46.1	0
457	GOV_bin_2414_contig-100_300	1947	42.8	0
458	Tp2_34_SUR_contig-100_2106	1947	44.8	0
459	GOV_bin_5226_contig-100_369	1946	38.5	0
460	Tp2_42_DCM_contig-100_3420	1943	43.3	0
461	GOV_bin_1201_contig-100_67	1935	45.1	0
462	Tp2_109_SUR_contig-100_2410	1928	38.0	0
463	Tp1_100_DCM_0-0d2_C3324258_1	1926	42.2	0
464	GOV_bin_5038_contig-100_239	1924	41.5	0
465	GOV_bin_5132_contig-100_404	1923	43.7	0
466	Tp2_42_DCM_contig-100_3546	1923	40.5	0
467	GOV_bin_768_contig-100_154	1921	44.7	0
468	GOV_bin_8034_contig-100_331	1913	42.3	0
469	Tp2_68_DCM_contig-100_1880	1910	43.8	0
470	GOV_bin_3782_contig-100_250	1910	45.8	0
471	GOV_bin_3350_contig-100_129	1908	40.9	0
472	GOV_bin_1874_contig-100_156	1906	47.4	0
473	GOV_bin_2477_contig-100_122	1904	40.5	0
474	Tp1_100_SUR_0-0d2_scaffold12087_1	1903	36.3	0
475	GOV_bin_5767_contig-100_86	1900	36.1	0
476	Tp2_45_SUR_contig-100_1719	1899	39.8	0
477	GOV_bin_5474_contig-100_46	1894	46.3	0
478	Tp1_52_DCM_0-0d2_scaffold87572_2	1894	39.4	0
479	GOV_bin_7130_contig-100_435	1893	43.8	0
480	Tp2_38_SUR_contig-100_1609	1892	47.0	0
481	GOV_bin_3820_contig-100_72	1887	44.1	0
482	GOV_bin_6599_contig-100_68	1884	45.5	0
483	Tp1_18_SUR_0-0d2_C2122886_1	1881	47.3	0
484	Tp2_22_SUR_contig-100_4996	1879	41.5	0
485	GOV_bin_4489_contig-100_130	1879	42.5	0
486	Tp2_45_SUR_contig-100_1764	1879	39.0	0
487	Tp2_56_SUR_contig-100_2508	1878	38.8	0
488	Tp1_62_SUR_0-0d2_scaffold54151_1	1876	37.1	0
489	GOV_bin_3907_contig-100_277	1876	43.1	0
490	GOV_bin_3905_contig-100_113	1875	42.5	0
491	GOV_bin_5020_contig-100_104	1873	40.7	0
492	Tp3_EafricaIndianSub_SURDCM_contig-100_11695	1873	43.5	0
493	Tp1_37_OMZ_0-0d2_C1916900_1	1872	43.6	0
494	Tp2_25_DCM_contig-100_2832	1872	37.4	0
495	GOV_bin_2414_contig-100_339	1871	43.1	0
496	GOV_bin_2691_contig-100_51	1871	41.2	0
497	GOV_bin_4672_contig-100_96	1867	38.7	0
498	Tp2_33_SUR_contig-100_1811	1865	47.1	0
499	Tp3_MedSea_SURDCM_contig-100_9032	1864	64.0	0
500	Tp2_38_DCM_contig-100_1219	1862	47.3	0
501	Tp2_137_DCM_contig-100_2991	1857	41.4	0
502	GOV_bin_5132_contig-100_432	1857	39.2	0
503	GOV_bin_8210_contig-100_469	1856	50.1	0
504	GOV_bin_6940_contig-100_153	1855	38.3	0
505	GOV_bin_1507_contig-100_8	1855	45.1	0
506	GOV_bin_528_contig-100_63	1852	44.2	0
507	Tp1_22_SUR_0-0d2_scaffold139263_1	1850	44.4	0
508	GOV_bin_5213_contig-100_440	1845	44.6	0
509	GOV_bin_2303_contig-100_86	1844	39.5	0
510	Tp2_70_SUR_contig-100_2211	1840	40.0	0
511	Tp2_48_SUR_contig-100_1649	1838	42.2	0
512	GOV_bin_4978_contig-100_225	1836	43.2	0
513	GOV_bin_668_contig-100_226	1835	38.7	0
514	Tp2_123_SUR_contig-100_1860	1834	38.2	0
515	Tp1_64_SUR_0-0d2_scaffold169150_1	1833	43.7	0
516	GOV_bin_2084_contig-100_115	1833	41.5	0
517	GOV_bin_3003_contig-100_162	1831	38.0	0
518	GOV_bin_391_contig-100_220	1829	37.9	0
519	Tp2_102_MES_contig-100_2798	1828	38.8	0
520	Tp2_38_DCM_contig-100_1294	1828	47.0	0
521	GOV_bin_2366_contig-100_205	1826	43.8	0
522	GOV_bin_2141_contig-100_91	1822	44.3	0
523	Tp2_30_DCM_contig-100_3125	1819	41.8	0
524	GOV_bin_6432_contig-100_141	1818	38.6	0
525	Tp2_58_DCM_contig-100_2068	1816	40.4	0
526	GOV_bin_2303_contig-100_89	1815	46.0	0
527	GOV_bin_5973_contig-100_94	1814	35.0	0
528	Tp2_72_DCM_contig-100_3703	1813	39.5	0
529	Tp2_72_DCM_contig-100_3732	1808	42.5	0
530	GOV_bin_2414_contig-100_374	1804	42.8	0
531	GOV_bin_4103_contig-100_56	1802	38.3	0
532	GOV_bin_2587_contig-100_332	1801	37.1	0
533	GOV_bin_5502_contig-100_192	1799	44.4	0
534	GOV_bin_2414_contig-100_378	1799	46.4	0
535	GOV_bin_4509_contig-100_437	1798	42.9	0
536	GOV_bin_1864_contig-100_89	1798	38.9	0
537	Tp1_123_SUR_0-0d2_scaffold20883_1	1797	29.8	0
538	GOV_bin_5750_contig-100_97	1796	41.9	0
539	GOV_bin_5087_contig-100_35	1792	42.4	0
540	GOV_bin_5535_contig-100_63	1783	45.3	0
541	GOV_bin_6218_contig-100_267	1783	41.4	0
542	Tp2_39_SUR_contig-100_2678	1782	43.3	0
543	Tp2_42_DCM_contig-100_4467	1781	42.3	0
544	Tp1_42_DCM_0-0d2_C6765675_1	1780	36.3	0
545	Tp2_38_SUR_contig-100_1929	1780	41.9	0
546	GOV_bin_3191_contig-100_41	1777	46.1	0
547	Tp3_MedSea_SURDCM_contig-100_10838	1768	46.6	0
548	GOV_bin_5213_contig-100_488	1764	47.2	0
549	Tp2_64_DCM_contig-100_1593	1761	48.7	0
550	Tp2_38_SUR_contig-100_2003	1757	48.2	0
551	GOV_bin_7666_contig-100_76	1750	42.5	0
552	GOV_bin_3740_contig-100_147	1749	38.4	0
553	GOV_bin_8398_contig-100_105	1747	41.4	0
554	Tp2_65_DCM_contig-100_1409	1744	40.1	0
555	GOV_bin_7792_contig-100_506	1743	40.0	0
556	Tp2_138_DCM_contig-100_3727	1741	38.9	0
557	Tp1_102_SUR_0-0d2_scaffold85316_1	1737	36.3	0
558	GOV_bin_3002_contig-100_56	1736	40.8	0
559	GOV_bin_526_contig-100_174	1736	44.8	0
560	Tp2_41_SUR_contig-100_2732	1736	37.4	0
561	GOV_bin_6258_contig-100_66	1734	41.8	0
562	Tp1_42_SUR_0-0d2_C5869503_1	1731	45.2	0
563	GOV_bin_1950_contig-100_122	1728	36.9	0
564	GOV_bin_3822_contig-100_155	1728	41.4	0
565	Tp2_18_DCM_contig-100_2670	1728	39.4	0
566	GOV_bin_3174_contig-100_56	1725	47.2	0
567	GOV_bin_273_contig-100_229	1725	44.8	0
568	GOV_bin_1273_contig-100_12	1716	39.5	0
569	GOV_bin_5439_contig-100_86	1715	44.5	0
570	GOV_bin_4445_contig-100_40	1714	43.6	0
571	Tp2_41_DCM_contig-100_2985	1710	43.8	0
572	GOV_bin_4214_contig-100_59	1709	43.6	0
573	Tp2_18_DCM_contig-100_2756	1706	41.7	0
574	GOV_bin_6524_contig-100_84	1704	42.1	0
575	GOV_bin_4840_contig-100_275	1703	42.8	0
576	GOV_bin_5630_contig-100_54	1703	41.7	0
577	GOV_bin_4799_contig-100_250	1698	39.4	0
578	Tp2_109_DCM_contig-100_1621	1698	38.5	0
579	Tp1_100_DCM_0-0d2_scaffold114785_1	1697	42.2	0
580	GOV_bin_3794_contig-100_137	1697	35.4	0
581	Tp2_137_SUR_contig-100_2058	1695	43.4	0
582	GOV_bin_819_contig-100_33	1693	47.2	0
583	GOV_bin_3227_contig-100_140	1690	44.2	0
584	Tp2_137_DCM_contig-100_3948	1686	39.4	0
585	GOV_bin_6218_contig-100_315	1684	41.8	0
586	Tp1_102_DCM_0-0d2_scaffold45951_2	1683	38.6	0
587	Tp2_78_SUR_contig-100_613	1683	47.4	0
588	Tp1_123_SUR_0-0d2_scaffold78311_1	1677	48.2	0
589	Tp2_72_DCM_contig-100_4532	1675	40.0	0
590	Tp1_38_DCM_0-0d2_scaffold106901_3	1674	44.1	0
591	GOV_bin_5003_contig-100_181	1672	44.9	0
592	GOV_bin_796_contig-100_74	1672	43.0	0
593	Tp1_102_DCM_0-0d2_scaffold139758_2	1670	44.6	0
594	Tp2_41_SUR_contig-100_3012	1669	40.5	0
595	GOV_bin_2903_contig-100_512	1664	41.5	0
596	GOV_bin_2993_contig-100_294	1664	43.0	0
597	GOV_bin_30_contig-100_56	1663	39.9	0
598	GOV_bin_6046_contig-100_530	1660	42.5	0
599	GOV_bin_7768_contig-100_106	1658	38.5	0
600	GOV_bin_8188_contig-100_95	1654	41.5	0
601	GOV_bin_2498_contig-100_60	1654	45.9	0
602	Tp2_56_SUR_contig-100_3257	1652	37.0	0
603	Tp3_Indian_SURDCM_contig-100_10500	1652	45.2	0
604	GOV_bin_2414_contig-100_480	1650	42.4	0
605	GOV_bin_5402_contig-100_96	1649	42.7	0
606	Tp2_72_SUR_contig-100_2139	1647	41.8	0
607	GOV_bin_8258_contig-100_21	1647	43.4	0
608	GOV_bin_5502_contig-100_228	1646	45.4	0
609	Tp3_RedSeaArabianUp_SURDCM_contig-100_19616	1643	36.6	0
610	Tp2_56_SUR_contig-100_3296	1642	39.8	0
611	Tp2_46_SUR_contig-100_2894	1641	43.4	0
612	GOV_bin_8304_contig-100_505	1640	41.5	0
613	Tp1_72_DCM_0-0d2_scaffold107456_1	1640	40.9	0
614	GOV_bin_409_contig-100_178	1639	46.6	0
615	GOV_bin_5724_contig-100_139	1638	46.8	0
616	GOV_bin_2151_contig-100_299	1638	38.0	0
617	GOV_bin_780_contig-100_65	1637	38.9	0
618	GOV_bin_1166_contig-100_179	1637	42.8	0
619	GOV_bin_2623_contig-100_404	1635	43.7	0
620	GOV_bin_5210_contig-100_89	1632	45.6	0
621	GOV_bin_4011_contig-100_28	1631	36.9	0
622	Tp2_22_SUR_contig-100_7342	1630	45.9	0
623	GOV_bin_4719_contig-100_55	1628	42.8	0
624	Tp2_68_SUR_contig-100_5223	1627	39.5	0
625	GOV_bin_7909_contig-100_140	1626	46.4	0
626	GOV_bin_1590_contig-100_113	1625	41.9	0
627	GOV_bin_3132_contig-100_24	1625	39.9	0
628	Tp2_42_DCM_contig-100_5850	1621	40.6	0
629	Tp1_100_SUR_0-0d2_scaffold27031_1	1616	36.9	0
630	Tp2_123_DCM_contig-100_3614	1615	42.5	0
631	GOV_bin_3147_contig-100_137	1614	40.4	0
632	Tp1_111_DCM_0-0d2_scaffold44694_1	1614	36.3	0
633	GOV_bin_4356_contig-100_296	1611	46.4	0
634	GOV_bin_2903_contig-100_553	1609	41.4	0
635	Tp3_MedSea_SURDCM_contig-100_14975	1603	49.4	0
636	Tp2_52_SUR_contig-100_3948	1602	42.9	0
637	Tp2_122_DCM_contig-100_3082	1601	40.5	0
638	GOV_bin_907_contig-100_222	1601	65.1	0
639	GOV_bin_6373_contig-100_23	1601	41.1	0
640	GOV_bin_2073_contig-100_34	1599	41.7	0
641	Tp2_52_SUR_contig-100_3960	1599	47.7	0
642	GOV_bin_2903_contig-100_560	1597	41.6	0
643	GOV_bin_1484_contig-100_214	1593	44.4	0
644	GOV_bin_5132_contig-100_615	1591	40.7	0
645	Tp2_122_DCM_contig-100_3132	1590	40.3	0
646	GOV_bin_4942_contig-100_528	1590	50.2	0
647	Tp2_64_SUR_contig-100_2190	1590	39.4	0
648	GOV_bin_5746_contig-100_374	1590	40.0	0
649	Tp2_62_SUR_contig-100_2172	1589	37.2	0
650	Tp2_41_SUR_contig-100_3348	1588	38.9	0
651	GOV_bin_5306_contig-100_206	1588	39.5	0
652	Tp2_64_SUR_contig-100_2208	1587	38.4	0
653	GOV_bin_398_contig-100_337	1586	43.4	0
654	GOV_bin_907_contig-100_225	1586	63.7	0
655	Tp1_124_DCM_0-0d2_scaffold5346_1	1585	39.5	0
656	GOV_bin_3164_contig-100_86	1585	39.9	0
657	Tp2_56_SUR_contig-100_3556	1584	40.5	0
658	GOV_bin_2534_contig-100_286	1580	47.0	0
659	GOV_bin_636_contig-100_332	1576	39.4	0
660	GOV_bin_3157_contig-100_16	1574	39.2	0
661	Tp2_67_SUR_contig-100_10907	1574	43.1	0
662	Tp2_33_SUR_contig-100_3092	1573	44.2	0
663	GOV_bin_8578_contig-100_849	1569	39.7	0
664	GOV_bin_2802_contig-100_70	1568	42.0	0
665	GOV_bin_6284_contig-100_564	1568	38.3	0
666	GOV_bin_8714_contig-100_204	1567	38.2	0
667	Tp3_RedSeaArabianUp_SURDCM_contig-100_22763	1566	43.5	0
668	Tp2_109_SUR_contig-100_4092	1565	39.9	0
669	Tp2_138_DCM_contig-100_5006	1562	41.1	0
670	GOV_bin_6582_contig-100_220	1562	43.9	0
671	GOV_bin_4346_contig-100_214	1562	41.2	0
672	Tp3_SouthPacific_SURDCM_contig-100_18988	1560	41.0	0
673	GOV_bin_4310_contig-100_81	1557	38.3	0
674	GOV_bin_1744_contig-100_144	1556	40.8	0
675	GOV_bin_7712_contig-100_109	1555	41.6	0
676	Tp2_123_DCM_contig-100_4062	1554	39.2	0
677	GOV_bin_5356_contig-100_269	1553	40.8	0
678	GOV_bin_668_contig-100_334	1552	32.4	0
679	GOV_bin_7249_contig-100_66	1550	43.0	0
680	Tp1_36_SUR_0-0d2_scaffold59968_1	1549	44.7	0
681	Tp1_122_SUR_0-0d2_C4613245_1	1544	45.3	0
682	Tp3_RedSeaArabianUp_SURDCM_contig-100_23770	1542	41.1	0
683	GOV_bin_5059_contig-100_297	1539	43.1	0
684	Tp2_64_SUR_contig-100_2424	1538	38.6	0
685	Tp1_123_DCM_0-0d2_scaffold112370_1	1537	40.9	0
686	GOV_bin_2414_contig-100_574	1535	48.8	0
687	GOV_bin_1289_contig-100_287	1535	41.5	0
688	GOV_bin_30_contig-100_74	1533	43.8	0
689	Tp2_42_SUR_contig-100_1806	1531	40.2	0
690	Tp2_18_DCM_contig-100_3661	1530	33.0	0
691	Tp2_33_SUR_contig-100_3357	1528	45.1	0
692	Tp1_138_DCM_0-0d2_scaffold3816_1	1527	40.5	0
693	GOV_bin_4978_contig-100_359	1526	45.3	0
694	GOV_bin_5439_contig-100_122	1525	47.3	0
695	Tp2_18_DCM_contig-100_3684	1525	40.3	0
696	Tp2_66_SUR_contig-100_4058	1525	40.4	0
697	GOV_bin_3528_contig-100_362	1525	40.0	0
698	Tp2_76_SUR_contig-100_3425	1524	37.3	0
699	GOV_bin_5142_contig-100_356	1524	42.7	0
700	GOV_bin_3873_contig-100_461	1522	36.5	0
701	Tp2_100_DCM_contig-100_3702	1521	38.2	0
702	Tp2_102_DCM_contig-100_4895	1521	40.0	0
703	Tp2_23_DCM_contig-100_6664	1521	42.1	0
704	GOV_bin_2870_contig-100_88	1520	46.2	0
705	GOV_bin_2702_contig-100_188	1520	47.2	0
706	GOV_bin_1178_contig-100_245	1518	43.7	0
707	GOV_bin_5583_contig-100_135	1517	41.1	0
708	GOV_bin_4621_contig-100_116	1516	41.1	0
709	Tp2_62_SUR_contig-100_2517	1516	39.9	0
710	GOV_bin_5905_contig-100_57	1516	37.7	0
711	GOV_bin_8058_contig-100_106	1515	40.1	0
712	GOV_bin_3588_contig-100_747	1515	40.3	0
713	Tp3_MedSea_SURDCM_contig-100_18042	1515	45.9	0
714	Tp1_111_SUR_0-0d2_scaffold37304_1	1512	39.7	0
715	Tp2_65_SUR_contig-100_3250	1508	39.1	0
716	GOV_bin_4261_contig-100_63	1507	42.8	0
717	GOV_bin_3801_contig-100_216	1507	48.3	0
718	GOV_bin_6146_contig-100_84	1506	44.9	0
719	Mp3__contig-100_54273	1504	64.5	0
720	GOV_bin_8401_contig-100_311	1504	36.8	0
721	Tp2_18_DCM_contig-100_3820	1504	38.6	0
